01000000
16777217
02000000
33554433
03000000
50331649
05000000
83886081
06000000
100663296
07000000
117440512
09000000
150994944
0a000000
167772160
0b000000
184549376
0d000000
218103808
0e000000
234881024
0f000000
251658240
11000000
285212672
12000000
301989888
13000000
318767104
15000000
352321536
16000000
369098752
17000000
385875968
19000000
419430400
1a000000
436207616
1b000000
452984832
1d000000
486539264
1e000000
503316480
1f000000
520093696
21000000
553648128
22000000
570425344
23000000
587202560
25000000
620756992
26000000
637534208
27000000
654311424
29000000
687865856
2a000000
704643072
2b000000
721420288
2d000000
754974720
2e000000
771751936
2f000000
788529152
31000000
822083584
32000000
838860800
33000000
855638016
35000000
889192448
37000000
922746880
39000000
956301312
3b000000
989855744
3d000000
1023410176
3f000000
1056964608
41000000
1090519040
43000000
1124073472
45000000
1157627904
47000000
1191182336
49000000
1224736767
4b000000
1258291199
4d000000
1291845631
4f000000
1325400063
51000000
1358954495
53000000
1392508927
55000000
1426063359
57000000
1459617791
59000000
1493172223
5b000000
1526726655
5d000000
1560281087
5f000000
1593835519
61000000
1627389951
63000000
1660944383
65000000
1694498815
67000000
1728053247
69000000
1761607679
6b000000
1795162111
6d000000
1828716543
6f000000
1862270975
71000000
1895825407
73000000
1929379839
75000000
1962934271
77000000
1996488703
79000000
2030043135
7b000000
2063597567
7d000000
2097151999
7f000000
2130706431
7ffffffe
2147483645
